============================================================
OVERALL (test set — last 2 weeks)
============================================================
  RMSE:                  9.33 trips/hr
  MAE:                   3.57 trips/hr
  MAPE:                 49.4%
  Avg trip volume:      21.20 trips/hr  (full dataset)

============================================================
  Zone     RMSE      MAE     MAPE   Avg Vol
------------------------------------------------------------
   132    50.79    36.50    81.7%    233.08
   186    40.84    28.22    41.6%    174.13
   138    35.13    24.49    72.6%    144.93
   230    33.72    21.21    20.8%    170.84
   161    32.41    20.67    27.4%    235.55
   142    32.16    20.64    26.1%    157.70
    79    30.49    19.36    19.5%    139.28
   236    30.19    21.21    31.5%    213.77
   237    29.13    20.43    28.3%    240.86
   162    26.28    17.75    28.1%    170.33
   239    22.15    15.42    22.2%    138.75
   163    20.79    13.94    24.5%    139.47
   249    20.76    14.09    22.3%    120.43
    68    20.73    15.76    24.9%    141.34
   238    19.73    14.01    31.8%     99.26
   164    19.72    13.51    26.2%    116.53
   170    19.70    13.97    26.2%    146.12
    48    19.59    14.79    18.0%    130.08
   234    19.41    14.48    27.5%    146.26
   107    19.25    13.87    22.8%    104.73
   140    18.61    13.28    28.6%    105.03
   141    18.59    13.97    20.1%    117.64
   246    17.94    13.08    40.9%     99.72
   263    17.72    13.48    22.8%     98.10
    43    16.99    11.57    39.4%     71.84
   114    16.84    11.00    33.4%     80.27
   229    16.62    11.94    27.8%     86.31
   262    16.23    11.25    31.9%     73.34
   137    15.62    11.80    25.3%     61.43
    90    14.82    11.42    25.3%     83.38
   231    14.38    10.38    29.2%     76.62
   148    14.25     9.92    34.8%     68.44
   113    13.92    10.26    34.2%     76.97
   100    13.91    10.55    35.2%     76.19
   158    13.36     9.40    44.0%     55.68
   143    13.19     9.07    27.5%     61.66
   144    12.41     9.22    42.1%     61.72
   233    12.24     8.74    29.2%     59.30
   211    10.12     7.00    39.3%     46.86
    50     9.98     7.55    30.5%     37.74
    87     9.90     7.20    35.4%     38.84
    75     9.86     7.32    31.5%     41.13
   151     9.63     6.74    30.2%     43.02
   166     9.50     6.78    34.2%     31.95
    13     9.22     6.36    41.7%     34.87
     4     8.13     5.47    30.7%     18.37
   125     7.71     5.97    52.8%     27.72
   226     7.35     4.73    59.5%     10.30
    41     7.31     5.38    32.2%     24.53
    74     7.24     5.18    33.9%     21.83
    88     6.60     4.66    56.1%     19.58
   145     6.59     4.50    53.1%     11.80
   261     6.35     4.78    54.8%     28.14
    42     6.33     4.63    35.6%     16.93
     7     6.06     4.55    44.4%     11.34
   255     5.89     4.02    60.0%     11.62
    70     5.62     4.12    71.8%     15.06
    24     5.61     4.17    39.1%     15.41
   232     5.55     4.28    39.6%     15.21
   224     5.33     3.98    46.8%     12.19
   116     5.20     3.77    44.9%     10.74
   244     4.94     3.78    37.4%     11.91
   256     4.94     3.66    60.9%      8.84
    45     4.74     3.42    46.2%     12.22
   112     4.72     3.54    68.6%      7.97
   209     4.67     3.43    57.0%     12.59
    80     4.51     3.30    61.8%      7.35
    37     4.39     3.21    57.0%      8.12
    97     4.27     3.05    56.9%      7.37
    36     4.19     2.85    65.3%      5.14
   181     4.16     2.80    54.6%      6.62
    61     4.05     3.03    42.8%      9.72
   129     4.03     2.93    51.2%      6.41
    33     4.00     2.78    59.9%      7.31
    76     3.97     2.97    58.4%      6.61
   152     3.93     2.85    55.6%      7.05
   188     3.57     2.67    55.8%      5.82
   146     3.56     2.71    58.6%      5.39
    89     3.42     2.52    55.9%      5.54
   130     3.40     2.65    69.1%      6.18
    65     3.36     2.43    59.9%      7.36
    66     3.36     2.48    59.4%      7.06
    25     3.33     2.59    53.3%      6.52
   243     3.23     2.50    58.2%      5.33
    49     3.21     2.37    53.9%      4.91
   225     3.20     2.42    50.8%      5.96
   193     3.16     2.23    56.3%      4.19
   179     3.13     2.32    54.8%      4.24
    17     3.11     2.43    58.9%      5.57
   260     3.09     2.23    60.4%      4.13
    39     3.03     2.21    69.5%      4.33
   216     3.03     2.30    62.2%      4.76
   223     2.95     2.32    63.4%      3.70
    95     2.95     2.08    64.0%      3.59
    82     2.87     2.22    65.4%      3.98
    91     2.83     1.89    66.6%      3.05
   197     2.83     2.10    67.0%      3.98
    72     2.67     1.83    54.8%      3.45
    35     2.64     1.95    56.9%      3.62
   168     2.64     1.92    62.7%      3.87
   195     2.58     1.60    74.4%      2.25
   198     2.58     1.95    69.8%      2.80
   157     2.54     1.49    63.9%      2.45
    71     2.43     1.74    57.7%      3.04
    10     2.41     1.70    62.8%      2.74
    14     2.34     1.67    60.5%      2.45
   189     2.33     1.72    66.8%      2.61
   177     2.25     1.71    55.7%      3.50
    40     2.21     1.54    59.2%      2.13
    62     2.19     1.63    56.6%      2.80
    52     2.13     1.47    63.5%      2.08
    63     2.10     1.47    63.1%      1.84
    69     2.09     1.47    55.1%      2.13
   205     2.09     1.35    58.9%      1.80
   228     2.09     1.63    66.3%      2.88
   127     2.02     1.47    55.7%      2.33
   191     2.02     1.30    62.3%      1.36
    51     1.99     1.41    64.4%      1.62
   213     1.95     1.32    53.7%      1.81
   258     1.92     1.35    59.2%      1.69
   247     1.92     1.34    58.8%      2.41
   215     1.91     1.41    65.8%      2.12
   134     1.90     1.27    59.3%      1.56
   106     1.90     1.36    59.7%      1.66
    55     1.87     1.30    57.3%      1.70
    56     1.86     1.39    63.7%      1.55
    77     1.84     1.30    57.7%      1.73
    28     1.81     1.34    58.0%      1.67
   182     1.79     1.20    57.0%      1.48
    85     1.77     1.38    60.7%      2.26
   165     1.76     1.24    55.2%      1.33
    26     1.75     1.27    56.8%      1.49
   155     1.74     1.23    57.2%      1.34
   159     1.72     1.29    59.0%      1.93
    92     1.72     1.28    57.4%      1.79
   167     1.68     1.17    56.8%      1.46
    83     1.68     1.25    53.1%      1.53
   254     1.66     1.21    57.4%      1.61
   196     1.62     1.18    57.8%      1.60
   235     1.60     1.17    59.2%      1.48
   133     1.59     1.15    53.7%      1.38
   119     1.57     1.03    52.1%      1.23
   218     1.57     1.09    54.8%      1.27
   222     1.56     1.05    55.8%      1.22
    34     1.56     0.90    52.9%      0.99
    86     1.55     1.09    60.9%      1.10
   217     1.51     1.05    52.5%      1.02
    18     1.49     1.03    57.0%      1.20
   169     1.47     1.06    55.7%      1.41
   210     1.45     1.07    59.6%      1.20
   242     1.44     1.06    53.5%      0.99
   220     1.43     1.03    49.1%      1.01
   123     1.43     1.00    55.0%      0.96
    78     1.39     1.00    53.4%      1.31
    22     1.39     0.99    48.0%      1.05
   248     1.37     0.97    53.5%      0.99
   117     1.37     0.98    52.8%      1.06
   121     1.35     0.99    50.5%      0.94
   227     1.34     0.97    53.3%      1.01
   212     1.32     0.95    48.4%      1.11
   149     1.31     0.94    55.2%      0.72
    47     1.30     0.96    50.1%      1.02
   241     1.30     0.96    48.3%      1.02
   131     1.29     0.93    49.6%      0.94
   219     1.27     0.95    44.1%      1.41
    21     1.27     0.91    49.2%      0.73
   174     1.27     0.94    50.3%      0.94
   259     1.26     0.91    56.8%      0.90
   250     1.26     0.91    48.2%      1.01
   257     1.25     0.90    51.0%      0.86
   208     1.25     0.92    56.2%      0.85
   102     1.25     0.87    48.3%      0.91
   160     1.24     0.93    48.0%      1.09
   185     1.23     0.86    48.3%      0.66
   173     1.23     0.90    49.5%      0.95
   126     1.21     0.89    46.5%      0.98
   135     1.20     0.88    56.1%      0.79
    81     1.18     0.88    51.6%      0.86
    60     1.18     0.84    49.3%      0.82
   139     1.16     0.84    53.3%      0.67
   180     1.13     0.86    52.9%      0.79
   202     1.12     0.86    49.4%      0.73
    93     1.12     0.85    54.7%      3.00
    32     1.08     0.78    46.0%      0.72
   136     1.07     0.77    49.0%      0.79
    29     1.07     0.79    45.1%      0.75
     1     1.06     0.70    52.8%      0.69
    12     1.05     0.77    58.7%      1.92
   200     1.05     0.74    50.0%      0.60
   124     1.03     0.80    49.3%      0.78
    19     1.02     0.74    53.0%      0.57
   122     1.02     0.73    56.5%      0.61
   147     1.00     0.78    52.1%      0.76
   203     1.00     0.74    52.6%      0.62
   192     0.97     0.66    61.8%      0.39
    54     0.96     0.70    50.1%      0.60
    16     0.95     0.71    56.3%      0.42
    53     0.95     0.67    54.8%      0.48
   108     0.94     0.69    49.8%      0.61
     3     0.93     0.67    46.1%      0.54
    11     0.92     0.66    59.2%      0.41
    38     0.92     0.70    59.0%      0.53
    94     0.92     0.70    53.0%      0.58
    67     0.91     0.69    49.5%      0.64
   178     0.90     0.61    55.9%      0.35
    20     0.88     0.69    49.2%      0.66
   101     0.85     0.63    60.1%      0.39
   171     0.84     0.68    52.4%      0.46
   252     0.82     0.64    54.4%      0.41
   175     0.74     0.51    60.0%      0.29
   150     0.71     0.57    55.7%      0.43
   190     0.70     0.53    51.5%      0.50
    64     0.68     0.44    70.3%      0.22
     9     0.67     0.44    64.8%      0.23
   201     0.67     0.52    54.2%      0.35
   183     0.66     0.50    54.0%      0.33
   128     0.64     0.47    66.8%      0.20
   153     0.63     0.46    60.1%      0.26
    98     0.59     0.47    61.4%      0.34
   207     0.58     0.42    59.3%      0.41
    15     0.54     0.38    65.8%      0.21
   240     0.52     0.36    65.5%      0.16
    73     0.52     0.38    65.3%      0.21
   194     0.47     0.37    70.7%      0.28
     6     0.45     0.30    73.4%      0.13
    57     0.37     0.24    85.0%      0.12
   214     0.37     0.24    75.5%      0.06
   221     0.37     0.22    68.2%      0.08
   120     0.37     0.26    80.1%      0.11
    96     0.36     0.25    78.2%      0.11
   154     0.36     0.24    84.3%      0.09
    31     0.35     0.25    78.9%      0.14
    46     0.33     0.21    80.9%      0.09
     8     0.32     0.21    90.2%      0.07
    58     0.32     0.20    75.5%      0.07
   115     0.30     0.17    71.1%      0.04
   187     0.29     0.12    87.6%      0.01
    23     0.27     0.17    78.1%      0.04
    30     0.25     0.15    90.3%      0.03
   172     0.24     0.14    74.7%      0.03
   184     0.24     0.16    80.0%      0.07
   253     0.24     0.14    87.1%      0.05
    59     0.23     0.14    79.5%      0.03
   118     0.23     0.14    84.7%      0.03
   156     0.22     0.13    82.9%      0.02
   251     0.21     0.13    79.7%      0.02
   111     0.19     0.12    92.6%      0.02
   176     0.19     0.11    80.4%      0.01
    27     0.18     0.12    89.0%      0.04
   109     0.18     0.11    76.1%      0.01
   206     0.18     0.11    86.2%      0.02
   245     0.14     0.09    70.1%      0.02
     5     0.14     0.09    93.9%      0.00
    84     0.13     0.09    88.3%      0.00
   204     0.13     0.09    96.9%      0.00
     2     0.12     0.09    87.2%      0.01
   105     0.12     0.09    87.0%      0.00
   199     0.12     0.08    90.5%      0.00
    99     0.11     0.08     nan%      0.00
    44     0.11     0.08     nan%      0.00
============================================================